68
NULL 0 NULL 0
Joined 0 0,255,0,255,0,32767,0,32767,0,32767 NULL 0 0 0 	# Joined [4a 6f 69 6e 65 64 ]
|Broken|0|1 0 0,255,0,255,0,32767,0,32767,0,32767 NULL 0 0 0 	# Broken
A 0 0,255,0,255,0,32767,0,32767,0,32767 NULL 0 0 0 	# A [41 ]
a 0 0,255,0,255,0,32767,0,32767,0,32767 NULL 0 0 0 	# a [61 ]
B 0 0,255,0,255,0,32767,0,32767,0,32767 NULL 0 0 0 	# B [42 ]
b 0 0,255,0,255,0,32767,0,32767,0,32767 NULL 0 0 0 	# b [62 ]
C 0 0,255,0,255,0,32767,0,32767,0,32767 NULL 0 0 0 	# C [43 ]
c 0 0,255,0,255,0,32767,0,32767,0,32767 NULL 0 0 0 	# c [63 ]
D 0 0,255,0,255,0,32767,0,32767,0,32767 NULL 0 0 0 	# D [44 ]
d 0 0,255,0,255,0,32767,0,32767,0,32767 NULL 0 0 0 	# d [64 ]
E 0 0,255,0,255,0,32767,0,32767,0,32767 NULL 0 0 0 	# E [45 ]
e 0 0,255,0,255,0,32767,0,32767,0,32767 NULL 0 0 0 	# e [65 ]
F 0 0,255,0,255,0,32767,0,32767,0,32767 NULL 0 0 0 	# F [46 ]
f 0 0,255,0,255,0,32767,0,32767,0,32767 NULL 0 0 0 	# f [66 ]
G 0 0,255,0,255,0,32767,0,32767,0,32767 NULL 0 0 0 	# G [47 ]
g 0 0,255,0,255,0,32767,0,32767,0,32767 NULL 0 0 0 	# g [67 ]
H 0 0,255,0,255,0,32767,0,32767,0,32767 NULL 0 0 0 	# H [48 ]
h 0 0,255,0,255,0,32767,0,32767,0,32767 NULL 0 0 0 	# h [68 ]
I 0 0,255,0,255,0,32767,0,32767,0,32767 NULL 0 0 0 	# I [49 ]
i 0 0,255,0,255,0,32767,0,32767,0,32767 NULL 0 0 0 	# i [69 ]
J 0 0,255,0,255,0,32767,0,32767,0,32767 NULL 0 0 0 	# J [4a ]
j 0 0,255,0,255,0,32767,0,32767,0,32767 NULL 0 0 0 	# j [6a ]
K 0 0,255,0,255,0,32767,0,32767,0,32767 NULL 0 0 0 	# K [4b ]
k 0 0,255,0,255,0,32767,0,32767,0,32767 NULL 0 0 0 	# k [6b ]
L 0 0,255,0,255,0,32767,0,32767,0,32767 NULL 0 0 0 	# L [4c ]
l 0 0,255,0,255,0,32767,0,32767,0,32767 NULL 0 0 0 	# l [6c ]
M 0 0,255,0,255,0,32767,0,32767,0,32767 NULL 0 0 0 	# M [4d ]
m 0 0,255,0,255,0,32767,0,32767,0,32767 NULL 0 0 0 	# m [6d ]
N 0 0,255,0,255,0,32767,0,32767,0,32767 NULL 0 0 0 	# N [4e ]
n 0 0,255,0,255,0,32767,0,32767,0,32767 NULL 0 0 0 	# n [6e ]
O 0 0,255,0,255,0,32767,0,32767,0,32767 NULL 0 0 0 	# O [4f ]
o 0 0,255,0,255,0,32767,0,32767,0,32767 NULL 0 0 0 	# o [6f ]
P 0 0,255,0,255,0,32767,0,32767,0,32767 NULL 0 0 0 	# P [50 ]
p 0 0,255,0,255,0,32767,0,32767,0,32767 NULL 0 0 0 	# p [70 ]
Q 0 0,255,0,255,0,32767,0,32767,0,32767 NULL 0 0 0 	# Q [51 ]
q 0 0,255,0,255,0,32767,0,32767,0,32767 NULL 0 0 0 	# q [71 ]
R 0 0,255,0,255,0,32767,0,32767,0,32767 NULL 0 0 0 	# R [52 ]
r 0 0,255,0,255,0,32767,0,32767,0,32767 NULL 0 0 0 	# r [72 ]
S 0 0,255,0,255,0,32767,0,32767,0,32767 NULL 0 0 0 	# S [53 ]
s 0 0,255,0,255,0,32767,0,32767,0,32767 NULL 0 0 0 	# s [73 ]
T 0 0,255,0,255,0,32767,0,32767,0,32767 NULL 0 0 0 	# T [54 ]
t 0 0,255,0,255,0,32767,0,32767,0,32767 NULL 0 0 0 	# t [74 ]
U 0 0,255,0,255,0,32767,0,32767,0,32767 NULL 0 0 0 	# U [55 ]
u 0 0,255,0,255,0,32767,0,32767,0,32767 NULL 0 0 0 	# u [75 ]
V 0 0,255,0,255,0,32767,0,32767,0,32767 NULL 0 0 0 	# V [56 ]
v 0 0,255,0,255,0,32767,0,32767,0,32767 NULL 0 0 0 	# v [76 ]
W 0 0,255,0,255,0,32767,0,32767,0,32767 NULL 0 0 0 	# W [57 ]
w 0 0,255,0,255,0,32767,0,32767,0,32767 NULL 0 0 0 	# w [77 ]
X 0 0,255,0,255,0,32767,0,32767,0,32767 NULL 0 0 0 	# X [58 ]
x 0 0,255,0,255,0,32767,0,32767,0,32767 NULL 0 0 0 	# x [78 ]
Y 0 0,255,0,255,0,32767,0,32767,0,32767 NULL 0 0 0 	# Y [59 ]
y 0 0,255,0,255,0,32767,0,32767,0,32767 NULL 0 0 0 	# y [79 ]
Z 0 0,255,0,255,0,32767,0,32767,0,32767 NULL 0 0 0 	# Z [5a ]
z 0 0,255,0,255,0,32767,0,32767,0,32767 NULL 0 0 0 	# z [7a ]
0 0 0,255,0,255,0,32767,0,32767,0,32767 NULL 0 0 0 	# 0 [30 ]
1 0 0,255,0,255,0,32767,0,32767,0,32767 NULL 0 0 0 	# 1 [31 ]
2 0 0,255,0,255,0,32767,0,32767,0,32767 NULL 0 0 0 	# 2 [32 ]
3 0 0,255,0,255,0,32767,0,32767,0,32767 NULL 0 0 0 	# 3 [33 ]
4 0 0,255,0,255,0,32767,0,32767,0,32767 NULL 0 0 0 	# 4 [34 ]
5 0 0,255,0,255,0,32767,0,32767,0,32767 NULL 0 0 0 	# 5 [35 ]
6 0 0,255,0,255,0,32767,0,32767,0,32767 NULL 0 0 0 	# 6 [36 ]
7 0 0,255,0,255,0,32767,0,32767,0,32767 NULL 0 0 0 	# 7 [37 ]
8 0 0,255,0,255,0,32767,0,32767,0,32767 NULL 0 0 0 	# 8 [38 ]
9 0 0,255,0,255,0,32767,0,32767,0,32767 NULL 0 0 0 	# 9 [39 ]
. 0 0,255,0,255,0,32767,0,32767,0,32767 NULL 0 0 0 	# . [2e ]
: 0 0,255,0,255,0,32767,0,32767,0,32767 NULL 0 0 0 	# : [3a ]
, 0 0,255,0,255,0,32767,0,32767,0,32767 NULL 0 0 0 	# , [2c ]
